6191
1635
5237
8272
5240
8397
4123
7892
8744
4142
5081
3031
2514
8080
4576
8995
8979
3103
8109
9981
5493
9576
2910
8100
5833
2753
9256
1567
8671
6324
2038
2139
8105
1187
5903
2379
3735
8229
2639
4676
3193
2096
4184
7014
9468
6186
3079
6378
9858
8840
6961
8333
5860
7537
6172
8764
8911
3166
7407
3956
8387
1917
3882
9228
6929
3081
5389
4102
7766
7118
3247
6533
4396
8687
3088
3118
6642
4898
6122
8268
1891
7007
1556
5293
8994
1885
1534
5985
9205
2075
4143
8805
9245
2995
4725
2982
6518
2836
7992
6902
3343
2019
8212
1963
6995
2652
3041
4657
1299
6289
9402
6045
3469
4423
9212
6909
4960
6586
2601
7838
7046
3626
4760
7216
7003
3697
5479
6555
9799
5808
5931
9942
6403
7280
3304
5401
2901
4309
2407
2811
1897
5957
2506
6691
3837
8252
4206
6515
8172
8782
9405
6433
3588
6098
7990
6263
6810
8501
4152
1335
7889
4279
7974
4317
7215
7267
9198
5477
6958
3711
7861
2904
8048
4709
2885
4110
7319
4223
1516
8082
2911
3528
6936
8296
9602
3170
9308
3411
5290
9027
3942
7384
7446
1786
7313
6523
7014
1228
9140
5524
3878
8045
2819
8955
2719
4489
2074
6699
7812
9084
7828
6820
8087
3791
1921
4006
2530
5448
6495
8176
1865
8090
5586
4143
6285
3716
5689
4194
2893
5409
4849
3335
5406
1282
8131
1462
9681
6562
4158
4171
1517
8319
1785
8029
9263
7691
7857
3074
2777
1240
7453
3047
3336
1011
1950
6365
7240
1142
3771
3076
1946
3428
2675
9173
1745
5070
1020
7439
9224
2943
3496
8627
1925
4109
6485
3207
9914
3996
5299
8080
8261
9579
4272
5644
3714
4167
1878
7325
7270
1903
2777
4252
1662
6886
2006
3034
5229
6897
7265
1719
9100
6075
9688
7874
3053
2540
2240
2394
3951
6862
3385
9058
3214
9499
3537
7137
2298
4802
2281
5259
6820
9950
8357
1625
8560
1244
3925
2146
6246
7475
6651
8475
9736
8764
2798
2000
7928
3071
3566
5782
4478
2828
4621
7128
5223
6558
4896
2910
6002
3079
7489
5059
3434
6928
9713
8639
5089
1931
4122
4739
3410
7401
2643
7030
7681
9358
7816
6191
5326
8241
3444
4568
2820
8060
7914
4377
6535
2614
8870
7475
6938
2388
5840
4226
5613
8013
5978
6264
8763
4721
6042
8046
8985
5050
4336
1881
1314
3178
9390
1807
2752
8636
9815
2048
1778
1844
4856
4999
7600
3847
8922
8642
7243
1900
2528
8057
3927
2999
7838
1217
7555
1346
9302
1565
2559
5726
1636
4998
7798
3196
3785
6699
7679
6094
3334
9977
6157
6324
5249
9672
7870
4036
3765
4926
1157
9371
9694
2103
7374
7636
5416
5440
5538
6366
9340
7565
3960
6063
5703
2361
1285
8968
8104
3786
2033
3174
5367
2173
6525
6505
1895
3200
7850
6082
2927
9218
4352
2206
2777
7851
9990
9217
1388
8833
7779
5288
8329
6850
4440
7672
1640
3750
6364
4817
8767
6867
8925
3861
4248
5360
